2.779960632324218750e-04 2.700000000000000000e+02
4.508495330810546875e-04 3.150000000000000000e+02
5.269050598144531250e-04 1.900000000000000000e+02
5.919933319091796875e-04 1.990000000000000000e+02
6.330013275146484375e-04 0.000000000000000000e+00
6.728172302246093750e-04 0.000000000000000000e+00
7.131099700927734375e-04 0.000000000000000000e+00
7.510185241699218750e-04 0.000000000000000000e+00
7.898807525634765625e-04 0.000000000000000000e+00
8.301734924316406250e-04 0.000000000000000000e+00
8.909702301025390625e-04 1.120000000000000000e+02
9.310245513916015625e-04 0.000000000000000000e+00
9.720325469970703125e-04 0.000000000000000000e+00
1.011133193969726562e-03 0.000000000000000000e+00
1.049041748046875000e-03 0.000000000000000000e+00
1.091003417968750000e-03 0.000000000000000000e+00
1.147985458374023438e-03 6.400000000000000000e+02
1.204967498779296875e-03 6.430000000000000000e+02
1.260042190551757812e-03 2.270000000000000000e+02
1.316070556640625000e-03 3.830000000000000000e+02
1.353979110717773438e-03 0.000000000000000000e+00
1.392126083374023438e-03 0.000000000000000000e+00
1.429796218872070312e-03 0.000000000000000000e+00
1.466989517211914062e-03 0.000000000000000000e+00
1.503944396972656250e-03 0.000000000000000000e+00
1.560926437377929688e-03 6.420000000000000000e+02
1.616954803466796875e-03 6.430000000000000000e+02
1.672029495239257812e-03 6.430000000000000000e+02
1.726865768432617188e-03 6.430000000000000000e+02
1.781940460205078125e-03 5.070000000000000000e+02
1.837015151977539062e-03 6.420000000000000000e+02
1.893043518066406250e-03 4.210000000000000000e+02
1.948118209838867188e-03 2.700000000000000000e+02
2.008914947509765625e-03 3.150000000000000000e+02
2.064943313598632812e-03 1.900000000000000000e+02
2.121210098266601562e-03 1.990000000000000000e+02
2.175807952880859375e-03 6.410000000000000000e+02
2.230882644653320312e-03 6.210000000000000000e+02
2.285957336425781250e-03 3.560000000000000000e+02
2.341032028198242188e-03 3.600000000000000000e+02
2.397060394287109375e-03 2.710000000000000000e+02
2.460002899169921875e-03 2.670000000000000000e+02
2.519845962524414062e-03 4.250000000000000000e+02
2.578020095825195312e-03 6.410000000000000000e+02
2.637863159179687500e-03 6.420000000000000000e+02
2.696037292480468750e-03 3.230000000000000000e+02
2.753973007202148438e-03 3.420000000000000000e+02
2.812147140502929688e-03 2.640000000000000000e+02
2.871036529541015625e-03 2.370000000000000000e+02
2.927064895629882812e-03 2.850000000000000000e+02
9.204196929931640625e-02 6.410000000000000000e+02
1.906139850616455078e-01 6.420000000000000000e+02
2.926812171936035156e-01 4.050000000000000000e+02
3.912589550018310547e-01 3.380000000000000000e+02
4.896941184997558594e-01 2.960000000000000000e+02
5.919411182403564453e-01 2.330000000000000000e+02
6.902608871459960938e-01 2.420000000000000000e+02
7.927808761596679688e-01 6.410000000000000000e+02
8.910701274871826172e-01 6.420000000000000000e+02
9.934802055358886719e-01 5.380000000000000000e+02
1.091772079467773438e+00 3.180000000000000000e+02
1.194153785705566406e+00 2.950000000000000000e+02
1.292495965957641602e+00 2.190000000000000000e+02
1.394816875457763672e+00 2.200000000000000000e+02
1.493149995803833008e+00 6.410000000000000000e+02
1.595597028732299805e+00 6.420000000000000000e+02
1.693747043609619141e+00 5.670000000000000000e+02
1.796258926391601562e+00 3.010000000000000000e+02
1.894479036331176758e+00 3.020000000000000000e+02
1.996682882308959961e+00 2.060000000000000000e+02
2.095222949981689453e+00 2.160000000000000000e+02
2.197308063507080078e+00 5.910000000000000000e+02
2.295908927917480469e+00 6.420000000000000000e+02
2.398064136505126953e+00 6.010000000000000000e+02
2.496803045272827148e+00 2.660000000000000000e+02
2.598697185516357422e+00 2.910000000000000000e+02
2.697288036346435547e+00 1.920000000000000000e+02
2.795594930648803711e+00 2.010000000000000000e+02
2.897880077362060547e+00 5.640000000000000000e+02
2.996306180953979492e+00 6.420000000000000000e+02
3.098650932312011719e+00 4.720000000000000000e+02
3.197016000747680664e+00 2.460000000000000000e+02
3.300014972686767578e+00 2.960000000000000000e+02
3.397592067718505859e+00 1.860000000000000000e+02
3.500191926956176758e+00 2.040000000000000000e+02
3.598268032073974609e+00 6.100000000000000000e+02
3.700631856918334961e+00 6.420000000000000000e+02
3.799076080322265625e+00 3.480000000000000000e+02
3.901416063308715820e+00 2.690000000000000000e+02
3.999634027481079102e+00 2.780000000000000000e+02
4.102085113525390625e+00 1.800000000000000000e+02
4.200315952301025391e+00 2.110000000000000000e+02
4.302740812301635742e+00 6.410000000000000000e+02
4.400856018066406250e+00 6.420000000000000000e+02
4.503324031829833984e+00 2.710000000000000000e+02
4.601854085922241211e+00 2.960000000000000000e+02
4.703917980194091797e+00 2.760000000000000000e+02
4.802617073059082031e+00 2.050000000000000000e+02
4.904638767242431641e+00 2.340000000000000000e+02
5.003240108489990234e+00 6.410000000000000000e+02
5.105422019958496094e+00 6.420000000000000000e+02
5.203896045684814453e+00 2.380000000000000000e+02
5.302205085754394531e+00 3.150000000000000000e+02
5.404536008834838867e+00 2.500000000000000000e+02
5.502710819244384766e+00 1.860000000000000000e+02
5.605173826217651367e+00 2.250000000000000000e+02
5.703402996063232422e+00 6.420000000000000000e+02
5.806009054183959961e+00 6.420000000000000000e+02
5.904341936111450195e+00 1.990000000000000000e+02
6.006566047668457031e+00 3.180000000000000000e+02
6.104974031448364258e+00 2.320000000000000000e+02
6.207331895828247070e+00 1.920000000000000000e+02
6.305658102035522461e+00 2.580000000000000000e+02
6.408010959625244141e+00 6.420000000000000000e+02
6.506238937377929688e+00 6.420000000000000000e+02
6.608706951141357422e+00 2.290000000000000000e+02
6.707105875015258789e+00 3.030000000000000000e+02
6.809185028076171875e+00 2.110000000000000000e+02
6.907655000686645508e+00 1.960000000000000000e+02
7.009892940521240234e+00 2.750000000000000000e+02
7.108436822891235352e+00 6.420000000000000000e+02
7.210541963577270508e+00 6.420000000000000000e+02
7.309022188186645508e+00 2.200000000000000000e+02
7.411261081695556641e+00 3.240000000000000000e+02
7.509798049926757812e+00 2.230000000000000000e+02
7.608039140701293945e+00 2.190000000000000000e+02
7.710450172424316406e+00 2.840000000000000000e+02
7.808845996856689453e+00 6.410000000000000000e+02
7.911221981048583984e+00 6.420000000000000000e+02
8.009513139724731445e+00 2.570000000000000000e+02
8.111799955368041992e+00 3.660000000000000000e+02
8.210191011428833008e+00 2.450000000000000000e+02
8.312570095062255859e+00 2.330000000000000000e+02
8.410923957824707031e+00 2.710000000000000000e+02
8.513293027877807617e+00 6.410000000000000000e+02
8.611455917358398438e+00 6.420000000000000000e+02
8.713972806930541992e+00 2.490000000000000000e+02
8.812280893325805664e+00 3.580000000000000000e+02
8.914693117141723633e+00 2.550000000000000000e+02
9.012940883636474609e+00 2.410000000000000000e+02
9.115123033523559570e+00 2.760000000000000000e+02
9.213613033294677734e+00 6.410000000000000000e+02
9.315758943557739258e+00 6.200000000000000000e+02
9.414260864257812500e+00 2.400000000000000000e+02
9.516515970230102539e+00 3.910000000000000000e+02
9.615058183670043945e+00 2.830000000000000000e+02
9.717130899429321289e+00 2.610000000000000000e+02
9.815751075744628906e+00 3.110000000000000000e+02
9.914056062698364258e+00 6.410000000000000000e+02
1.001640892028808594e+01 6.270000000000000000e+02
