2.887248992919921875e-04 1.730000000000000000e+02
4.708766937255859375e-04 6.100000000000000000e+01
5.500316619873046875e-04 1.710000000000000000e+02
6.179809570312500000e-04 2.030000000000000000e+02
6.637573242187500000e-04 0.000000000000000000e+00
7.057189941406250000e-04 0.000000000000000000e+00
7.450580596923828125e-04 0.000000000000000000e+00
7.839202880859375000e-04 0.000000000000000000e+00
8.420944213867187500e-04 6.440000000000000000e+02
8.978843688964843750e-04 3.430000000000000000e+02
9.558200836181640625e-04 2.680000000000000000e+02
1.014709472656250000e-03 4.240000000000000000e+02
1.070976257324218750e-03 2.930000000000000000e+02
1.127958297729492188e-03 3.260000000000000000e+02
9.490275382995605469e-02 4.050000000000000000e+02
1.970078945159912109e-01 2.100000000000000000e+02
2.954649925231933594e-01 1.840000000000000000e+02
3.938789367675781250e-01 5.000000000000000000e+00
4.964199066162109375e-01 0.000000000000000000e+00
5.944409370422363281e-01 0.000000000000000000e+00
6.968679428100585938e-01 3.600000000000000000e+02
7.951807975769042969e-01 5.910000000000000000e+02
8.975310325622558594e-01 2.900000000000000000e+02
9.959540367126464844e-01 1.800000000000000000e+01
1.098405838012695312e+00 2.810000000000000000e+02
1.196683883666992188e+00 6.450000000000000000e+02
1.299082994461059570e+00 6.450000000000000000e+02
1.397407054901123047e+00 4.980000000000000000e+02
1.499818086624145508e+00 3.290000000000000000e+02
1.598068952560424805e+00 4.000000000000000000e+02
1.700184822082519531e+00 6.440000000000000000e+02
1.798701763153076172e+00 5.470000000000000000e+02
1.900902032852172852e+00 5.290000000000000000e+02
1.999531745910644531e+00 1.220000000000000000e+02
2.101620912551879883e+00 2.910000000000000000e+02
2.200200080871582031e+00 6.450000000000000000e+02
2.302297830581665039e+00 2.190000000000000000e+02
2.400765895843505859e+00 1.840000000000000000e+02
2.502956867218017578e+00 2.420000000000000000e+02
2.601820945739746094e+00 2.280000000000000000e+02
2.699774980545043945e+00 4.640000000000000000e+02
2.802191972732543945e+00 3.740000000000000000e+02
2.900608062744140625e+00 2.190000000000000000e+02
3.003015995025634766e+00 3.640000000000000000e+02
3.101330041885375977e+00 2.630000000000000000e+02
3.203648805618286133e+00 3.660000000000000000e+02
3.301994085311889648e+00 5.470000000000000000e+02
3.404341697692871094e+00 3.690000000000000000e+02
3.502544879913330078e+00 2.720000000000000000e+02
3.605078935623168945e+00 3.530000000000000000e+02
3.703295946121215820e+00 3.460000000000000000e+02
3.805771827697753906e+00 1.200000000000000000e+02
3.903936862945556641e+00 3.470000000000000000e+02
4.006502866744995117e+00 3.920000000000000000e+02
4.104737758636474609e+00 4.060000000000000000e+02
4.206923723220825195e+00 2.360000000000000000e+02
4.305481910705566406e+00 2.910000000000000000e+02
4.407605886459350586e+00 5.010000000000000000e+02
4.506160020828247070e+00 4.200000000000000000e+02
4.608225822448730469e+00 6.450000000000000000e+02
4.706828832626342773e+00 6.460000000000000000e+02
4.808906078338623047e+00 6.460000000000000000e+02
4.907551050186157227e+00 3.270000000000000000e+02
5.005851030349731445e+00 5.240000000000000000e+02
5.108247756958007812e+00 6.260000000000000000e+02
5.206568002700805664e+00 4.700000000000000000e+02
5.308869838714599609e+00 2.050000000000000000e+02
5.407225847244262695e+00 2.800000000000000000e+02
5.509627819061279297e+00 3.150000000000000000e+02
5.607851028442382812e+00 3.950000000000000000e+02
5.710273742675781250e+00 4.790000000000000000e+02
5.808712005615234375e+00 3.030000000000000000e+02
5.911068916320800781e+00 3.470000000000000000e+02
6.009264945983886719e+00 5.170000000000000000e+02
6.111742973327636719e+00 3.910000000000000000e+02
6.210026025772094727e+00 4.520000000000000000e+02
6.312391996383666992e+00 6.450000000000000000e+02
6.410710811614990234e+00 3.620000000000000000e+02
6.513124942779541016e+00 3.330000000000000000e+02
6.611413002014160156e+00 4.830000000000000000e+02
6.713622808456420898e+00 6.500000000000000000e+01
6.812007904052734375e+00 2.590000000000000000e+02
6.914276838302612305e+00 4.190000000000000000e+02
7.012830018997192383e+00 2.570000000000000000e+02
7.114893913269042969e+00 2.320000000000000000e+02
7.213399887084960938e+00 2.540000000000000000e+02
7.315551996231079102e+00 3.690000000000000000e+02
7.414210796356201172e+00 4.420000000000000000e+02
7.512406110763549805e+00 3.570000000000000000e+02
7.614977836608886719e+00 1.080000000000000000e+02
7.713241815567016602e+00 4.240000000000000000e+02
7.815510749816894531e+00 3.890000000000000000e+02
7.913904905319213867e+00 3.110000000000000000e+02
8.016391038894653320e+00 5.710000000000000000e+02
8.114598989486694336e+00 6.460000000000000000e+02
8.216928005218505859e+00 6.460000000000000000e+02
8.315266847610473633e+00 6.460000000000000000e+02
8.417673110961914062e+00 6.460000000000000000e+02
8.515907764434814453e+00 6.300000000000000000e+01
8.618401765823364258e+00 5.070000000000000000e+02
8.716631889343261719e+00 5.450000000000000000e+02
8.818984031677246094e+00 5.800000000000000000e+01
8.917331933975219727e+00 1.170000000000000000e+02
9.019557952880859375e+00 1.050000000000000000e+02
9.117974758148193359e+00 1.620000000000000000e+02
9.220212936401367188e+00 4.860000000000000000e+02
9.318697929382324219e+00 1.530000000000000000e+02
9.417126893997192383e+00 0.000000000000000000e+00
9.519353866577148438e+00 0.000000000000000000e+00
9.617758035659790039e+00 8.600000000000000000e+01
9.720151901245117188e+00 6.120000000000000000e+02
9.818446874618530273e+00 4.550000000000000000e+02
9.920960903167724609e+00 2.780000000000000000e+02
1.001914787292480469e+01 2.390000000000000000e+02
