2.489089965820312500e-04 0.000000000000000000e+00
4.038810729980468750e-04 0.000000000000000000e+00
5.078315734863281250e-04 0.000000000000000000e+00
6.859302520751953125e-04 0.000000000000000000e+00
7.548332214355468750e-04 0.000000000000000000e+00
8.058547973632812500e-04 0.000000000000000000e+00
8.509159088134765625e-04 0.000000000000000000e+00
8.919239044189453125e-04 0.000000000000000000e+00
9.307861328125000000e-04 0.000000000000000000e+00
9.727478027343750000e-04 0.000000000000000000e+00
1.013994216918945312e-03 0.000000000000000000e+00
1.059770584106445312e-03 0.000000000000000000e+00
1.099109649658203125e-03 0.000000000000000000e+00
1.154899597167968750e-03 2.970000000000000000e+02
8.967566490173339844e-02 1.450000000000000000e+02
1.881568431854248047e-01 1.740000000000000000e+02
2.904667854309082031e-01 3.490000000000000000e+02
3.887948989868164062e-01 2.690000000000000000e+02
4.911448955535888672e-01 3.040000000000000000e+02
5.894300937652587891e-01 2.090000000000000000e+02
6.917238235473632812e-01 2.310000000000000000e+02
7.901530265808105469e-01 3.500000000000000000e+02
8.925409317016601562e-01 3.070000000000000000e+02
9.908590316772460938e-01 1.590000000000000000e+02
1.093226909637451172e+00 1.710000000000000000e+02
1.191529989242553711e+00 1.680000000000000000e+02
1.293890714645385742e+00 2.450000000000000000e+02
1.392203807830810547e+00 2.550000000000000000e+02
1.494416952133178711e+00 2.610000000000000000e+02
1.592919826507568359e+00 2.830000000000000000e+02
1.695094823837280273e+00 1.920000000000000000e+02
1.793602705001831055e+00 4.380000000000000000e+02
1.895741939544677734e+00 2.570000000000000000e+02
1.994330883026123047e+00 2.700000000000000000e+02
2.096399784088134766e+00 2.510000000000000000e+02
2.195011854171752930e+00 2.150000000000000000e+02
2.293393850326538086e+00 4.750000000000000000e+02
2.395745754241943359e+00 2.670000000000000000e+02
2.493991851806640625e+00 2.410000000000000000e+02
2.596371889114379883e+00 2.630000000000000000e+02
2.694680929183959961e+00 2.900000000000000000e+02
2.797078847885131836e+00 3.730000000000000000e+02
2.895406961441040039e+00 3.100000000000000000e+02
2.997817754745483398e+00 2.280000000000000000e+02
3.096044778823852539e+00 3.450000000000000000e+02
3.198414802551269531e+00 2.840000000000000000e+02
3.296805858612060547e+00 2.790000000000000000e+02
3.399231910705566406e+00 5.090000000000000000e+02
3.497396945953369141e+00 3.270000000000000000e+02
3.599671840667724609e+00 2.890000000000000000e+02
3.698093891143798828e+00 3.110000000000000000e+02
3.800293922424316406e+00 2.630000000000000000e+02
3.898743867874145508e+00 3.470000000000000000e+02
4.000995874404907227e+00 5.100000000000000000e+02
4.099619865417480469e+00 2.610000000000000000e+02
4.201775789260864258e+00 3.040000000000000000e+02
4.300229787826538086e+00 3.310000000000000000e+02
4.402392864227294922e+00 3.230000000000000000e+02
4.500948905944824219e+00 4.070000000000000000e+02
4.603055953979492188e+00 3.860000000000000000e+02
4.701622724533081055e+00 2.470000000000000000e+02
4.799887895584106445e+00 3.430000000000000000e+02
4.902425765991210938e+00 3.300000000000000000e+02
5.000491857528686523e+00 3.360000000000000000e+02
5.102974891662597656e+00 3.830000000000000000e+02
5.201218843460083008e+00 5.020000000000000000e+02
5.303683757781982422e+00 3.420000000000000000e+02
5.402048826217651367e+00 4.270000000000000000e+02
5.504425048828125000e+00 4.220000000000000000e+02
5.602573871612548828e+00 3.240000000000000000e+02
5.705096960067749023e+00 5.540000000000000000e+02
5.803335905075073242e+00 4.930000000000000000e+02
5.905796766281127930e+00 3.130000000000000000e+02
6.004065036773681641e+00 3.740000000000000000e+02
6.106379747390747070e+00 2.900000000000000000e+02
6.204677820205688477e+00 2.550000000000000000e+02
6.306894779205322266e+00 5.660000000000000000e+02
6.405496835708618164e+00 2.920000000000000000e+02
6.507610797882080078e+00 2.630000000000000000e+02
6.606132984161376953e+00 3.250000000000000000e+02
6.708248853683471680e+00 2.590000000000000000e+02
6.806846857070922852e+00 2.860000000000000000e+02
6.908931732177734375e+00 5.020000000000000000e+02
7.010576963424682617e+00 3.130000000000000000e+02
7.105732917785644531e+00 2.690000000000000000e+02
7.208127975463867188e+00 2.690000000000000000e+02
7.306571006774902344e+00 2.850000000000000000e+02
7.408842086791992188e+00 3.970000000000000000e+02
7.507106781005859375e+00 4.390000000000000000e+02
7.609493970870971680e+00 2.740000000000000000e+02
7.707832813262939453e+00 2.800000000000000000e+02
7.810493946075439453e+00 3.230000000000000000e+02
7.908547878265380859e+00 2.980000000000000000e+02
8.010987758636474609e+00 4.940000000000000000e+02
8.109246969223022461e+00 3.360000000000000000e+02
8.211509943008422852e+00 3.020000000000000000e+02
8.310010910034179688e+00 2.960000000000000000e+02
8.412371873855590820e+00 2.070000000000000000e+02
8.510691881179809570e+00 2.300000000000000000e+02
8.613102912902832031e+00 4.330000000000000000e+02
8.711365938186645508e+00 2.810000000000000000e+02
8.813530921936035156e+00 2.890000000000000000e+02
8.911870956420898438e+00 3.060000000000000000e+02
9.014127969741821289e+00 2.070000000000000000e+02
9.112555027008056641e+00 3.440000000000000000e+02
9.214860916137695312e+00 5.030000000000000000e+02
9.313324689865112305e+00 2.870000000000000000e+02
9.415648937225341797e+00 3.030000000000000000e+02
9.514011859893798828e+00 2.580000000000000000e+02
9.612437009811401367e+00 2.440000000000000000e+02
9.714592933654785156e+00 5.280000000000000000e+02
9.813149929046630859e+00 4.330000000000000000e+02
9.915392875671386719e+00 3.590000000000000000e+02
1.001378679275512695e+01 3.070000000000000000e+02
