3.578662872314453125e-04 3.030000000000000000e+02
5.519390106201171875e-04 2.310000000000000000e+02
6.399154663085937500e-04 2.490000000000000000e+02
7.119178771972656250e-04 3.360000000000000000e+02
7.708072662353515625e-04 2.970000000000000000e+02
8.299350738525390625e-04 2.430000000000000000e+02
8.869171142578125000e-04 2.260000000000000000e+02
9.448528289794921875e-04 2.260000000000000000e+02
1.155853271484375000e-03 2.870000000000000000e+02
1.230716705322265625e-03 3.770000000000000000e+02
1.288890838623046875e-03 3.540000000000000000e+02
1.457929611206054688e-03 3.260000000000000000e+02
1.569986343383789062e-03 3.440000000000000000e+02
1.636743545532226562e-03 3.280000000000000000e+02
1.693964004516601562e-03 2.990000000000000000e+02
1.750946044921875000e-03 4.200000000000000000e+02
1.813888549804687500e-03 3.910000000000000000e+02
1.874923706054687500e-03 4.660000000000000000e+02
1.933813095092773438e-03 4.420000000000000000e+02
2.062797546386718750e-03 5.680000000000000000e+02
2.137899398803710938e-03 4.730000000000000000e+02
2.197980880737304688e-03 3.810000000000000000e+02
2.253770828247070312e-03 3.690000000000000000e+02
2.316713333129882812e-03 3.030000000000000000e+02
2.413749694824218750e-03 2.500000000000000000e+02
2.479791641235351562e-03 2.630000000000000000e+02
2.537012100219726562e-03 3.300000000000000000e+02
2.593994140625000000e-03 3.860000000000000000e+02
2.649784088134765625e-03 3.270000000000000000e+02
2.709865570068359375e-03 3.040000000000000000e+02
2.768754959106445312e-03 2.480000000000000000e+02
8.961200714111328125e-02 2.570000000000000000e+02
1.917860507965087891e-01 2.950000000000000000e+02
2.906119823455810547e-01 3.020000000000000000e+02
3.925549983978271484e-01 4.500000000000000000e+02
4.912288188934326172e-01 4.560000000000000000e+02
5.931918621063232422e-01 3.650000000000000000e+02
6.919989585876464844e-01 3.140000000000000000e+02
7.937407493591308594e-01 2.820000000000000000e+02
8.923788070678710938e-01 2.640000000000000000e+02
9.908549785614013672e-01 3.030000000000000000e+02
1.093058824539184570e+00 3.020000000000000000e+02
1.191349983215332031e+00 3.620000000000000000e+02
1.293743848800659180e+00 4.370000000000000000e+02
1.391937017440795898e+00 3.770000000000000000e+02
1.494451999664306641e+00 3.280000000000000000e+02
1.592726945877075195e+00 2.920000000000000000e+02
1.695132970809936523e+00 2.730000000000000000e+02
1.793432712554931641e+00 2.680000000000000000e+02
1.895820856094360352e+00 2.990000000000000000e+02
1.994010925292968750e+00 3.250000000000000000e+02
2.096556901931762695e+00 4.260000000000000000e+02
2.195018053054809570e+00 3.720000000000000000e+02
2.297291994094848633e+00 2.950000000000000000e+02
2.395498037338256836e+00 2.780000000000000000e+02
2.497694015502929688e+00 2.970000000000000000e+02
2.596225976943969727e+00 3.170000000000000000e+02
2.698321819305419922e+00 3.530000000000000000e+02
2.796909093856811523e+00 2.520000000000000000e+02
2.899134874343872070e+00 3.390000000000000000e+02
2.997565984725952148e+00 3.440000000000000000e+02
3.099633932113647461e+00 3.190000000000000000e+02
3.198307752609252930e+00 4.630000000000000000e+02
3.296605825424194336e+00 4.930000000000000000e+02
3.398963928222656250e+00 1.390000000000000000e+02
3.497122049331665039e+00 0.000000000000000000e+00
3.599555730819702148e+00 2.270000000000000000e+02
3.697969913482666016e+00 5.010000000000000000e+02
3.800343751907348633e+00 3.490000000000000000e+02
3.898648738861083984e+00 3.290000000000000000e+02
4.001027822494506836e+00 2.860000000000000000e+02
4.099375724792480469e+00 2.170000000000000000e+02
4.201736927032470703e+00 2.570000000000000000e+02
4.300031900405883789e+00 3.280000000000000000e+02
4.402577877044677734e+00 4.200000000000000000e+02
4.500746965408325195e+00 3.850000000000000000e+02
4.603011846542358398e+00 3.740000000000000000e+02
4.701393842697143555e+00 3.320000000000000000e+02
4.803565740585327148e+00 2.850000000000000000e+02
4.902021884918212891e+00 2.530000000000000000e+02
5.004208803176879883e+00 3.240000000000000000e+02
5.102652788162231445e+00 4.150000000000000000e+02
5.204917907714843750e+00 3.530000000000000000e+02
5.303520917892456055e+00 3.130000000000000000e+02
5.405594825744628906e+00 3.150000000000000000e+02
5.504219770431518555e+00 2.780000000000000000e+02
5.602477788925170898e+00 3.250000000000000000e+02
5.704861879348754883e+00 3.340000000000000000e+02
5.803169965744018555e+00 4.180000000000000000e+02
5.905564785003662109e+00 3.580000000000000000e+02
6.003861904144287109e+00 3.260000000000000000e+02
6.106205940246582031e+00 3.340000000000000000e+02
6.204442739486694336e+00 2.960000000000000000e+02
6.306964874267578125e+00 3.350000000000000000e+02
6.405251741409301758e+00 4.160000000000000000e+02
6.507562875747680664e+00 3.950000000000000000e+02
6.605955839157104492e+00 4.180000000000000000e+02
6.708231925964355469e+00 3.530000000000000000e+02
6.806705951690673828e+00 2.910000000000000000e+02
6.909068107604980469e+00 2.810000000000000000e+02
7.007235765457153320e+00 2.810000000000000000e+02
7.109452724456787109e+00 4.350000000000000000e+02
7.207953929901123047e+00 3.590000000000000000e+02
7.310119867324829102e+00 2.970000000000000000e+02
7.408623933792114258e+00 3.300000000000000000e+02
7.510834932327270508e+00 2.670000000000000000e+02
7.609385967254638672e+00 2.600000000000000000e+02
7.711509943008422852e+00 4.360000000000000000e+02
7.809990882873535156e+00 4.230000000000000000e+02
7.908416986465454102e+00 3.170000000000000000e+02
8.010799884796142578e+00 2.950000000000000000e+02
8.109079122543334961e+00 3.080000000000000000e+02
8.211400985717773438e+00 2.570000000000000000e+02
8.309845924377441406e+00 2.930000000000000000e+02
8.412191867828369141e+00 3.780000000000000000e+02
8.510489702224731445e+00 3.650000000000000000e+02
8.612900733947753906e+00 3.440000000000000000e+02
8.711162805557250977e+00 3.520000000000000000e+02
8.813549041748046875e+00 3.440000000000000000e+02
8.911864757537841797e+00 2.470000000000000000e+02
9.014282941818237305e+00 2.820000000000000000e+02
9.112571954727172852e+00 5.280000000000000000e+02
9.214957714080810547e+00 4.720000000000000000e+02
9.313246965408325195e+00 4.510000000000000000e+02
9.415415763854980469e+00 4.000000000000000000e+02
9.513823986053466797e+00 1.620000000000000000e+02
9.616725921630859375e+00 2.100000000000000000e+02
9.714653968811035156e+00 2.930000000000000000e+02
9.816780090332031250e+00 3.780000000000000000e+02
9.915345907211303711e+00 6.120000000000000000e+02
1.001742291450500488e+01 2.260000000000000000e+02
