2.980232238769531250e-04 3.370000000000000000e+02
5.040168762207031250e-04 3.350000000000000000e+02
5.881786346435546875e-04 3.420000000000000000e+02
6.558895111083984375e-04 3.300000000000000000e+02
7.181167602539062500e-04 3.300000000000000000e+02
7.779598236083984375e-04 3.350000000000000000e+02
8.339881896972656250e-04 3.370000000000000000e+02
8.940696716308593750e-04 3.360000000000000000e+02
9.520053863525390625e-04 3.260000000000000000e+02
1.006841659545898438e-03 3.410000000000000000e+02
1.062870025634765625e-03 3.380000000000000000e+02
1.119136810302734375e-03 3.310000000000000000e+02
1.177787780761718750e-03 3.330000000000000000e+02
1.237154006958007812e-03 3.430000000000000000e+02
9.398102760314941406e-02 3.340000000000000000e+02
1.923630237579345703e-01 3.250000000000000000e+02
2.906789779663085938e-01 3.360000000000000000e+02
3.931689262390136719e-01 3.310000000000000000e+02
4.914529323577880859e-01 3.200000000000000000e+02
5.937759876251220703e-01 3.320000000000000000e+02
6.924328804016113281e-01 3.330000000000000000e+02
7.945239543914794922e-01 2.650000000000000000e+02
8.928368091583251953e-01 1.550000000000000000e+02
9.952321052551269531e-01 5.800000000000000000e+01
1.093662977218627930e+00 2.410000000000000000e+02
1.196077108383178711e+00 4.670000000000000000e+02
1.294389963150024414e+00 2.980000000000000000e+02
1.396598100662231445e+00 1.810000000000000000e+02
1.494931936264038086e+00 3.040000000000000000e+02
1.597228050231933594e+00 3.790000000000000000e+02
1.695792913436889648e+00 4.030000000000000000e+02
1.797973155975341797e+00 4.260000000000000000e+02
1.896429061889648438e+00 4.600000000000000000e+02
1.998606204986572266e+00 4.350000000000000000e+02
2.097127914428710938e+00 3.050000000000000000e+02
2.199372053146362305e+00 6.410000000000000000e+02
2.297562837600708008e+00 6.420000000000000000e+02
2.400091886520385742e+00 6.430000000000000000e+02
2.498377084732055664e+00 6.430000000000000000e+02
2.596728086471557617e+00 6.430000000000000000e+02
2.699263095855712891e+00 6.430000000000000000e+02
2.797510862350463867e+00 6.430000000000000000e+02
2.899879932403564453e+00 6.430000000000000000e+02
2.997988939285278320e+00 6.440000000000000000e+02
3.100576162338256836e+00 6.440000000000000000e+02
3.198872089385986328e+00 6.440000000000000000e+02
3.301259040832519531e+00 6.440000000000000000e+02
3.399559974670410156e+00 6.430000000000000000e+02
3.501909971237182617e+00 6.440000000000000000e+02
3.600229024887084961e+00 6.040000000000000000e+02
3.702543973922729492e+00 7.700000000000000000e+01
3.800957918167114258e+00 2.970000000000000000e+02
3.903277158737182617e+00 2.940000000000000000e+02
4.001725912094116211e+00 3.070000000000000000e+02
4.103854894638061523e+00 3.260000000000000000e+02
4.202323913574218750e+00 3.380000000000000000e+02
4.304521083831787109e+00 3.330000000000000000e+02
4.402990818023681641e+00 3.100000000000000000e+02
4.505195140838623047e+00 2.890000000000000000e+02
4.603587865829467773e+00 2.950000000000000000e+02
4.705926895141601562e+00 2.750000000000000000e+02
4.804425954818725586e+00 3.050000000000000000e+02
4.902722120285034180e+00 2.940000000000000000e+02
5.005091905593872070e+00 2.390000000000000000e+02
5.103403091430664062e+00 2.850000000000000000e+02
5.205947875976562500e+00 3.200000000000000000e+02
5.304376840591430664e+00 3.180000000000000000e+02
5.406509876251220703e+00 3.100000000000000000e+02
5.504668951034545898e+00 2.950000000000000000e+02
5.607098817825317383e+00 2.640000000000000000e+02
5.705662012100219727e+00 2.060000000000000000e+02
5.807861089706420898e+00 1.630000000000000000e+02
5.906241178512573242e+00 2.490000000000000000e+02
6.008571863174438477e+00 2.130000000000000000e+02
6.106840133666992188e+00 3.190000000000000000e+02
6.209258079528808594e+00 3.770000000000000000e+02
6.307555198669433594e+00 3.630000000000000000e+02
6.409749984741210938e+00 4.300000000000000000e+02
6.508249998092651367e+00 5.940000000000000000e+02
6.610349178314208984e+00 4.730000000000000000e+02
6.708959102630615234e+00 3.500000000000000000e+02
6.811111927032470703e+00 3.260000000000000000e+02
6.909602165222167969e+00 3.330000000000000000e+02
7.011733055114746094e+00 3.170000000000000000e+02
7.110312938690185547e+00 2.810000000000000000e+02
7.208673000335693359e+00 3.030000000000000000e+02
7.311013936996459961e+00 2.880000000000000000e+02
7.409315824508666992e+00 2.830000000000000000e+02
7.511864900588989258e+00 2.620000000000000000e+02
7.609986066818237305e+00 3.470000000000000000e+02
7.712504148483276367e+00 3.800000000000000000e+02
7.810600996017456055e+00 5.330000000000000000e+02
7.913070917129516602e+00 4.200000000000000000e+02
8.011379003524780273e+00 4.480000000000000000e+02
8.113756895065307617e+00 3.700000000000000000e+02
8.212131023406982422e+00 2.350000000000000000e+02
8.314477205276489258e+00 1.800000000000000000e+02
8.412755966186523438e+00 1.700000000000000000e+01
8.515216827392578125e+00 2.030000000000000000e+02
8.613343954086303711e+00 1.760000000000000000e+02
8.715615034103393555e+00 2.270000000000000000e+02
8.814183950424194336e+00 2.600000000000000000e+02
8.916760921478271484e+00 4.060000000000000000e+02
9.014988183975219727e+00 4.910000000000000000e+02
9.117213010787963867e+00 5.400000000000000000e+02
9.215649127960205078e+00 6.420000000000000000e+02
9.317708015441894531e+00 6.430000000000000000e+02
9.416125059127807617e+00 6.440000000000000000e+02
9.514446973800659180e+00 2.290000000000000000e+02
9.616797924041748047e+00 0.000000000000000000e+00
9.715209007263183594e+00 0.000000000000000000e+00
9.817666053771972656e+00 0.000000000000000000e+00
9.915791988372802734e+00 0.000000000000000000e+00
1.001819801330566406e+01 0.000000000000000000e+00
