2.748966217041015625e-04 2.420000000000000000e+02
4.999637603759765625e-04 2.730000000000000000e+02
5.838871002197265625e-04 3.130000000000000000e+02
6.542205810546875000e-04 2.670000000000000000e+02
7.181167602539062500e-04 2.550000000000000000e+02
7.760524749755859375e-04 2.720000000000000000e+02
8.330345153808593750e-04 3.160000000000000000e+02
8.897781372070312500e-04 3.100000000000000000e+02
9.460449218750000000e-04 2.870000000000000000e+02
1.003026962280273438e-03 2.930000000000000000e+02
1.059770584106445312e-03 3.150000000000000000e+02
1.120090484619140625e-03 3.020000000000000000e+02
1.177072525024414062e-03 2.630000000000000000e+02
1.235008239746093750e-03 2.820000000000000000e+02
9.277296066284179688e-02 3.290000000000000000e+02
1.912269592285156250e-01 2.840000000000000000e+02
2.933900356292724609e-01 3.060000000000000000e+02
3.919529914855957031e-01 3.060000000000000000e+02
4.939918518066406250e-01 3.270000000000000000e+02
5.925040245056152344e-01 3.380000000000000000e+02
6.947121620178222656e-01 2.970000000000000000e+02
7.932898998260498047e-01 3.170000000000000000e+02
8.954129219055175781e-01 3.290000000000000000e+02
9.938700199127197266e-01 3.590000000000000000e+02
1.092158079147338867e+00 3.050000000000000000e+02
1.194463014602661133e+00 3.000000000000000000e+02
1.292989015579223633e+00 3.220000000000000000e+02
1.395272016525268555e+00 3.510000000000000000e+02
1.493659973144531250e+00 3.300000000000000000e+02
1.596014976501464844e+00 3.280000000000000000e+02
1.694271087646484375e+00 3.160000000000000000e+02
1.796748161315917969e+00 3.350000000000000000e+02
1.895018100738525391e+00 3.330000000000000000e+02
1.997429132461547852e+00 2.990000000000000000e+02
2.095718860626220703e+00 3.180000000000000000e+02
2.198013067245483398e+00 3.190000000000000000e+02
2.296326875686645508e+00 3.530000000000000000e+02
2.398733139038085938e+00 2.980000000000000000e+02
2.496996879577636719e+00 3.160000000000000000e+02
2.599221944808959961e+00 3.340000000000000000e+02
2.697694063186645508e+00 3.900000000000000000e+02
2.799998998641967773e+00 3.210000000000000000e+02
2.898595094680786133e+00 2.890000000000000000e+02
3.000565052032470703e+00 3.020000000000000000e+02
3.098921060562133789e+00 3.610000000000000000e+02
3.201283216476440430e+00 3.460000000000000000e+02
3.299800157546997070e+00 3.080000000000000000e+02
3.402056932449340820e+00 3.350000000000000000e+02
3.500520944595336914e+00 3.460000000000000000e+02
3.598806142807006836e+00 3.570000000000000000e+02
3.700957059860229492e+00 3.090000000000000000e+02
3.799530029296875000e+00 3.260000000000000000e+02
3.901836156845092773e+00 3.400000000000000000e+02
4.000276088714599609e+00 3.750000000000000000e+02
4.102576971054077148e+00 3.050000000000000000e+02
4.200964212417602539e+00 3.000000000000000000e+02
4.303231000900268555e+00 3.340000000000000000e+02
4.401639938354492188e+00 3.430000000000000000e+02
4.503930807113647461e+00 3.510000000000000000e+02
4.602241039276123047e+00 2.940000000000000000e+02
4.704729080200195312e+00 3.350000000000000000e+02
4.802912950515747070e+00 3.260000000000000000e+02
4.905374050140380859e+00 3.670000000000000000e+02
5.003753900527954102e+00 3.150000000000000000e+02
5.105890989303588867e+00 2.980000000000000000e+02
5.204313039779663086e+00 3.250000000000000000e+02
5.306574106216430664e+00 3.710000000000000000e+02
5.404993057250976562e+00 3.340000000000000000e+02
5.507174015045166016e+00 2.910000000000000000e+02
5.605798959732055664e+00 3.290000000000000000e+02
5.707929849624633789e+00 3.320000000000000000e+02
5.806487083435058594e+00 3.930000000000000000e+02
5.904781103134155273e+00 3.030000000000000000e+02
6.007122993469238281e+00 2.950000000000000000e+02
6.105453014373779297e+00 3.200000000000000000e+02
6.207836866378784180e+00 3.490000000000000000e+02
6.306164026260375977e+00 3.540000000000000000e+02
6.408473968505859375e+00 2.980000000000000000e+02
6.506908893585205078e+00 3.170000000000000000e+02
6.609144210815429688e+00 3.320000000000000000e+02
6.707613945007324219e+00 3.720000000000000000e+02
6.809965133666992188e+00 3.200000000000000000e+02
6.908264875411987305e+00 3.040000000000000000e+02
7.010598897933959961e+00 3.250000000000000000e+02
7.108871936798095703e+00 3.600000000000000000e+02
7.211339950561523438e+00 3.850000000000000000e+02
7.309710979461669922e+00 2.780000000000000000e+02
7.412029981613159180e+00 3.180000000000000000e+02
7.510324001312255859e+00 3.250000000000000000e+02
7.612473011016845703e+00 4.000000000000000000e+02
7.711054086685180664e+00 3.490000000000000000e+02
7.813076019287109375e+00 3.040000000000000000e+02
7.911714076995849609e+00 3.120000000000000000e+02
8.013859033584594727e+00 3.360000000000000000e+02
8.112411022186279297e+00 4.130000000000000000e+02
8.214545011520385742e+00 3.010000000000000000e+02
8.313122034072875977e+00 3.140000000000000000e+02
8.411400079727172852e+00 3.180000000000000000e+02
8.513787984848022461e+00 3.870000000000000000e+02
8.612035036087036133e+00 3.680000000000000000e+02
8.714550018310546875e+00 2.810000000000000000e+02
8.812833070755004883e+00 3.180000000000000000e+02
8.915073156356811523e+00 3.310000000000000000e+02
9.013372898101806641e+00 4.210000000000000000e+02
9.116065979003906250e+00 3.430000000000000000e+02
9.213973045349121094e+00 2.930000000000000000e+02
9.316474914550781250e+00 3.200000000000000000e+02
9.414783000946044922e+00 3.510000000000000000e+02
9.517173051834106445e+00 4.460000000000000000e+02
9.615609169006347656e+00 2.940000000000000000e+02
9.717954158782958984e+00 3.020000000000000000e+02
9.816245079040527344e+00 3.140000000000000000e+02
9.918451070785522461e+00 4.160000000000000000e+02
1.001704978942871094e+01 3.690000000000000000e+02
